========VARIATION I==========
51.316704909		0.283114871		0.024722770300000002		47.3780956843

324.899196394		7.535389E-4		0.18004827		0.0205409078

332.251327104		0.40270918310000003		1.4291439999999998E-4		0.0138784874

380.076189466		5.499469E-4		0.1275116984		1.149733E-4

========VARIATION II==========
319.663031441		0.0385496425		0.0251690715		2.4921132726999997

579.647978034		2.551317E-4		0.025474043800000002		0.0018279464

578.030574637		0.041514108		1.600944E-4		0.0017905278000000001

632.171885908		2.6324940000000004E-4		0.025603327600000003		1.3804370000000001E-4



========RELATIVE MEASUREMENTS==========


========VARIATION I==========
1.0		1.0		1.0		1.0

6.331256010496861		0.0026616012692600665		7.282689917642442		4.335528370931713E-4

6.474525745430886		1.42242327885348		0.005780679036604566		2.9293046078673456E-4

7.406480796847532		0.0019424868007021786		5.157662222020483		2.4267184727329487E-6

========VARIATION II==========
6.229219744483965		0.1361625490170737		1.0180522326011336		0.05260053695078817

11.295502684006909		9.011596568517943E-4		1.0303879173281807		3.858209946175061E-5

11.263984615965164		0.14663344194307618		0.006475584979244822		3.779231254736435E-5

12.319027245202737		9.298324707217517E-4		1.035617258475277		2.9136607963275415E-6
